Alman
011073054
10 20 28 37
10 18 30 35
10 15 18 34
3.8
Rifat
011221235
10 20 28 37
10 18 30 35
10 15 18 34
3.48
Rifat
011221235
10 20 28 37
10 18 30 35
10 15 18 34
3.48
Rifat
011221235
10 20 28 37
10 18 30 35
10 15 18 34
3.48
Rifat
011221235
10 20 28 37
10 18 30 35
10 15 18 34
3.48
Rifat
011221235
10 20 28 37
10 18 30 35
10 15 18 34
3.48
Rifat
011221235
10 20 28 37
10 18 30 35
10 15 18 34
3.48
Rifat
011221235
10 20 28 37
10 18 30 35
10 15 18 34
3.48
Rifat
011221235
10 20 28 37
10 18 30 35
10 15 18 34
3.48
Rifat
011221235
10 20 28 37
10 18 30 35
10 15 18 34
3.48